-7490.95 -7364.35 -6211.13 -7488.21 -7558.75 -3816.18 -6521.25 -6382.92 -7105.34 -6236.21 
-7357.64 -7590.89 -7994.54 -6922.75 -7863.32 -7584.88 -7719.41 -7544.91 -7708.62 -7838.42 
-8134.43 -7961.72 -8121.63 -7785.14 -7937.71 -7964.39 -7810.26 -7492.62 -8096.46 -7690.54 
-8195.7 -8165.31 -8111.84 -7887.1 -8119.73 -8069.28 -8141.77 -7946.01 -7941.86 -8081.51 
-8327.75 -8087.81 -8184.83 -8193.6 -7951.38 -8178.11 -8212.41 -8179.97 -8221.35 -8200.71 
-8244.83 -8187.36 -8058.94 -7905.36 -8211.33 -8215.14 -8284.2 -8248.75 -8052.93 -8232.45 
-8154.91 -8230.72 -8174.98 -8292.71 -8160.53 -8212.64 -8286.79 -8113.67 -8045.15 -8153.26 
-8241.81 -8211.55 -8180.2 -8206.15 -8279.19 -8176.73 -8194.3 -8349.85 -8309.18 -8268.59 


-6617.53, -7612.54, -7899.49, -8066.01, -8173.79, -8164.13, -8182.54, -8241.76, 
1068.88, 287.591, 195.736, 99.7369, 92.5258, 113.367, 72.1216, 55.4973, 
9.63982e+06
