-16611.3 -17034.4 -16824.7 -16525.9 -16505.8 -16656.9 -16050 -16532.3 -16689.5 -16698.3 
-16677 -16307.6 -16358.4 -16827 -16532.3 -16442.1 -16570.4 -16352.9 -16759 -16570.4 
-16678.2 -16554.5 -16852.8 -16792.8 -16788 -16595 -16935.9 -16542.7 -16799.6 -16764.2 
-16617 -16774.6 -16484.1 -16494.9 -16814.2 -16809 -16868.7 -16858.5 -16877 -16702.4 
-16866.5 -16954.8 -17115.4 -16907.8 -16804.3 -16730.9 -16892.8 -16668.3 -17094.4 -16681.4 
-16918.5 -16935.1 -16987.1 -16991.4 -16917.2 -16900.2 -16823.9 -16608.3 -16943.7 -16795.1 
-16930.3 -16779.5 -16967.2 -16730 -17115.4 -17019.6 -16969.5 -16865.7 -16914.4 -17047.9 
-16942.6 -17115.4 -16900.6 -17110.7 -17075.2 -17075.2 -17049.9 -16978.6 -16941 -16888.6 


-16612.9, -16539.7, -16730.4, -16730.1, -16871.7, -16882.1, -16934, -17007.8, 
240.835, 168.106, 125.541, 142.1, 148.193, 108.797, 112.282, 82.6279, 
7.49065e+06
