-16446.1 -16069.1 -16700.7 -16368.4 -16390.9 -16229.1 -16285.2 -16104.8 -16322 -16757.3 
-16274.5 -16461.1 -16696.1 -16256.8 -16495.8 -16551 -16669 -16241.4 -16580.3 -16520.2 
-16711.5 -16636.5 -16581.6 -16702.6 -16663.6 -16678.7 -17016.5 -16816.6 -16637.4 -16927.2 
-16825.3 -16352.5 -16520.9 -16694.4 -16493.2 -16723.8 -16813.5 -16591.9 -16765 -16633.1 
-16668.8 -16868.7 -16676.5 -16801.2 -16654.5 -16764.5 -17021.2 -16833.2 -16601.5 -16725.9 
-16800.7 -16652.3 -16876.9 -16684.6 -16746.5 -16808.1 -16978.8 -16577.7 -16610.1 -16722 
-17027.5 -16920.9 -16966.4 -16654.8 -16701 -16824.1 -16886.8 -16819.7 -17029.8 -16777.9 
-17052.4 -16866.4 -16781.5 -16802.8 -16753.7 -16848 -17075.2 -16806.7 -16806.7 -16939.2 


-16367.4, -16474.6, -16737.2, -16641.4, -16761.6, -16745.8, -16860.9, -16873.3, 
213.494, 157.616, 132.444, 145.187, 118.241, 117.52, 122.337, 106.983, 
1.44057e+07
