-7692.89 -7085.52 -7613.45 -7577.31 -7349.37 -7552.65 -7866.41 -7667.05 -7528.64 -7338.82 
-7771.62 -7965.35 -7758.18 -7674.26 -7581.61 -8035.71 -7711.55 -7623 -7702.45 -7637.46 
-7637.78 -7784.27 -7630.15 -8050.32 -7702.04 -8148.71 -8165.01 -7779.42 -7797.29 -7781.25 
-8041.38 -7987.49 -8265.25 -8047.7 -8003.04 -8133.06 -7928.94 -8126.02 -7958.97 -8212.32 
-8108.24 -8263.17 -7996.94 -8084.68 -7917.98 -7969.29 -8135.99 -8191.74 -8166.97 -8284.41 
-8149.74 -8180.25 -8251.06 -8101.76 -8275.7 -8147.39 -8217.68 -8216.24 -8081.16 -8254.67 
-8120.82 -8259.24 -8248.5 -8264.34 -8133.7 -8208.73 -8195.04 -8167.2 -8043.76 -8409.15 
-8143.79 -8327.08 -8176.3 -8277.85 -8227.99 -8112.47 -8264.84 -8279.92 -8194.82 -8299.14 


-7527.21, -7746.12, -7847.62, -8070.42, -8111.94, -8187.56, -8205.05, -8230.42, 
208.536, 139.647, 189.894, 105.036, 115.992, 63.0976, 94.7347, 67.5051, 
5.09064e+06
