-16297.6 -16370.6 -16332.4 -16473.6 -16564.6 -16544.5 -16345.1 -15928.8 -16180 -16176.9 
-16466.5 -16514.1 -16781.8 -16348.8 -16407.8 -16478.5 -16786.1 -16532.2 -16782 -16397.4 
-16826.4 -16578.5 -16634 -16583.6 -16338.6 -16502.9 -16405.1 -16639 -16717.4 -16833.8 
-16690.8 -16885 -16604.9 -16602.3 -16449.6 -16642.5 -16623.2 -16767.5 -16720.8 -16652.7 
-16565.5 -16679.9 -16901.5 -16744.1 -16517.4 -16807.1 -16766.1 -16747.2 -16557.3 -16686.2 
-16588.8 -16692.6 -16756.3 -16837 -16899.2 -16773.2 -16781.4 -17061.4 -16650.1 -16892.6 
-16805.4 -16717.5 -16830.9 -16878.4 -17006.2 -16766.8 -17000.3 -16973 -17002.1 -16871 
-16890.9 -17070.1 -16851.3 -16985.7 -16778.1 -16798.8 -16747.1 -16753.4 -17046.9 -16953.8 


-16321.4, -16549.5, -16605.9, -16663.9, -16697.2, -16793.3, -16885.2, -16887.6, 
181.878, 161.535, 154.425, 109.086, 115.299, 130.11, 100.484, 114.728, 
2.72773e+07
