-16260 -16066.9 -16276.2 -16159.4 -16041 -16109.7 -16148.5 -15993.4 -16136.8 -16430 
-16492.6 -16328.3 -16367.2 -16616.2 -16297.3 -16535.1 -16352.3 -16341.9 -16619.4 -16103.1 
-17012.4 -16504.8 -16616.2 -16548.4 -16572.1 -16431 -16642.3 -16601.4 -16474.4 -16582.2 
-16784.9 -16671.7 -16643.9 -16671.3 -16517.6 -16551.2 -16811.3 -16642.5 -16560.5 -16652.1 
-16689.9 -16839.5 -16587.4 -16825 -16818.9 -16650.7 -16952.1 -16815.4 -16772.2 -16943 
-16822.1 -16734.2 -17010.1 -16752.1 -16997 -16908.6 -16993.1 -16963.7 -16908.4 -16810.2 
-16843.9 -16963.6 -16942.4 -16884.7 -16875 -16982.7 -16935.3 -16971.3 -17103.7 -16961.8 
-16965.3 -16963.2 -16998.2 -16908.8 -16864.7 -16942.1 -16929.1 -16919.5 -16814.4 -17001.2 


-16162.2, -16405.3, -16598.5, -16650.7, -16789.4, -16889.9, -16946.4, -16930.6, 
122.522, 152.319, 151.412, 89.7331, 112.089, 98.4511, 68.3894, 55.1395, 
3.36638e+06
