-16138.7 -15863.7 -15878 -15901.2 -16063.2 -15866.9 -15980.2 -16314.6 -16262.3 -16090.4 
-16426.6 -16127.2 -16189.4 -16432.5 -16242 -16213 -16377.1 -16202.2 -16302.2 -16175.1 
-16567.2 -16305.8 -16353.9 -16549.6 -16311.8 -16267.6 -16436.6 -16164.3 -16517.1 -16542.3 
-16698.9 -16449.6 -16686 -16665 -16572.9 -16541.9 -16598.4 -16519.4 -16530.9 -16707.5 
-16537.1 -16608.7 -16872.9 -16589.3 -16698.2 -16795.2 -16399.4 -16657.6 -16563.5 -16544.4 
-16909.9 -16753.1 -16656.4 -16847.8 -16724.1 -16707.1 -16860.5 -16732.7 -16717.8 -16822 
-16827.6 -16845.8 -16854.2 -16930.1 -16854.8 -16740.6 -16864.2 -17003.2 -16743.6 -16915.6 
-16849.6 -17103.7 -16821.8 -16862 -17103.7 -16898.4 -17110.7 -16839.8 -16928.7 -16833.9 


-16035.9, -16268.7, -16401.6, -16597.1, -16626.6, -16773.1, -16858, -16935.2, 
157.363, 103.887, 133.233, 84.1814, 129.332, 77.3172, 75.9118, 115.716, 
1.72981e+06
