-7952.39 -7928 -8008.51 -7921.92 -8100.1 -7947.23 -7938.87 -8080.03 -7999.35 -7969.28 
-8118.13 -8109.16 -8185.98 -8102.76 -8142.11 -8136.58 -8227.99 -8066.83 -8084.05 -8163.29 
-8261.98 -8287.9 -8239.5 -8360.04 -8301.3 -8259.06 -8336.82 -8228.48 -8270.96 -8292.29 
-8404.42 -8334.98 -8391.2 -8330.58 -8418.6 -8350.15 -8384.79 -8343.95 -8397.85 -8412.36 
-8358.04 -8400.04 -8358.82 -8432.51 -8418.89 -8373.56 -8347.47 -8395.63 -8418.89 -8353.39 
-8397.92 -8410.41 -8431.85 -8405.17 -8431.85 -8419.25 -8416.72 -8431.85 -8443.61 -8405.17 


-7984.57, -8133.69, -8283.83, -8376.89, -8385.72, -8419.38, 
59.2691, 46.1715, 39.1088, 31.8812, 29.7302, 14.1615, 
1.82429e+06
