-16154.7 -16171.3 -16329 -16106.7 -16257.2 -16167.6 -16374.6 -16242.5 -16373.3 -16139.1 
-16353.9 -16574.5 -16671.3 -16466.3 -16380.7 -16404.9 -16683.8 -16666.2 -16447.1 -16560.9 
-16577.8 -16631.6 -16543.9 -16704.5 -16704 -16659.2 -16980.6 -16766.8 -16742.3 -16654.5 
-16691.2 -16905 -16776.2 -16661.8 -16927.2 -16652.7 -16892.2 -16819.5 -16752 -16832.1 
-16891.3 -16860.6 -16950.4 -16872.6 -16927.5 -16762.7 -16923.1 -16885.5 -16910.2 -16829.7 
-16975.6 -16879.3 -16780.3 -16933.7 -16781.6 -16889.6 -16894 -16876.4 -16795.7 -16929.7 
-16900.8 -16813.2 -17110.7 -17023.4 -16980.2 -16996.6 -17110.7 -16991.3 -16956.6 -16962.3 
-16907.7 -17110.7 -16975.5 -16909.1 -16981 -16963.2 -16970.6 -16981.1 -16983.9 -16991.3 


-16231.6, -16521, -16696.5, -16791, -16881.4, -16873.6, -16984.6, -16977.4, 
94.1207, 120.079, 115.146, 95.8053, 51.8143, 64.1235, 84.3825, 52.7343, 
6.64056e+06
