-512.695 -506.648 -653.767 -682.326 -400.101 -571.156 -696.635 -514.079 -612.194 -543.318 
-641.586 -647.406 -660.302 -696.411 -665.563 -682.874 -693.435 -706.588 -664.18 -713.6 
-716.238 -682.481 -671.2 -709.571 -676.695 -677.66 -685.146 -685.875 -690.5 -668.062 
-675.453 -686.878 -691.763 -684.526 -694.491 -674.749 -708.877 -713.706 -697.248 -712.011 
-701.07 -703.901 -688.875 -717.475 -686.376 -715.441 -693.276 -709.466 -693.66 -707.83 
-703.868 -712.143 -703.155 -694.747 -691.815 -698.168 -716.238 -710.881 -716.238 -709.02 
-717.475 -717.475 -717.475 -717.475 -712.467 -713.706 -697.316 -717.475 -715.441 -713.464 
-717.475 -705.925 -717.475 -709.383 -712.143 -713.464 -717.475 -717.475 -717.475 -713.706 


-569.292, -677.195, -686.343, -693.97, -701.737, -705.627, -713.977, -714.2, 
88.0052, 23.6642, 14.8293, 13.4345, 10.3716, 8.25083, 5.86114, 3.87744, 
369095
