-621.954 -545.2 -606.237 -527.642 -655.139 -679.262 -666.929 -652.057 -668.696 -659.726 
-683.472 -671.91 -692.162 -694.99 -682.907 -642.357 -645.791 -681.849 -631.894 -623.124 
-707.08 -712.925 -685.507 -700.749 -703.983 -684.639 -705.215 -666.211 -690.201 -705.417 
-698.114 -700.17 -707.071 -680.204 -676.299 -691.45 -676.939 -691.534 -681.274 -683.167 
-709.466 -715.379 -712.143 -696.436 -705.426 -713.6 -714.723 -699.333 -711.778 -700.089 
-716.238 -712.568 -712.925 -713.706 -713.706 -692.774 -717.475 -687.611 -706.225 -715.357 
-697.329 -712.925 -715.441 -717.475 -700.749 -705.925 -717.475 -704.486 -717.475 -714.723 
-716.238 -712.154 -717.475 -717.475 -717.475 -717.475 -713.706 -712.568 -712.143 -711.778 


-628.284, -665.045, -696.193, -688.622, -707.837, -708.859, -710.4, -714.849, 
50.5552, 25.2228, 13.5239, 10.1157, 6.65129, 9.82517, 7.2086, 2.45043, 
190737
