-638.811 -627.476 -661.076 -662.045 -484.329 -617.188 -652.251 -702.572 -622.815 -646.765 
-679.085 -667.422 -687.481 -670.562 -689.162 -670.125 -648.352 -689.293 -679.55 -695.939 
-701.283 -666.722 -671.039 -689.291 -697.177 -712.143 -681.942 -695.848 -689.57 -671.632 
-686.056 -712.764 -676.584 -686.65 -691.16 -698.33 -705.864 -701.633 -698.13 -705.694 
-705.891 -696.248 -717.475 -695.919 -715.441 -693.288 -706.719 -697.622 -717.475 -692.998 
-703.25 -689.578 -701.926 -713.706 -704.049 -691.629 -706.588 -713.464 -712.925 -697.971 
-712.925 -695.523 -696.411 -712.143 -699.975 -701.964 -699.313 -717.475 -717.475 -700.194 
-714.723 -715.357 -717.475 -717.475 -717.475 -715.357 -708.028 -717.475 -714.723 -712.925 


-631.533, -677.697, -687.665, -696.286, -703.908, -703.509, -705.34, -715.101, 
54.3433, 13.3219, 13.9756, 10.4875, 9.52274, 8.18521, 8.2306, 2.78808, 
109752
