-691.254 -704.438 -707.474 -707.08 -706.833 -702.892 -697.399 -702.73 -694.033 -706.238 
-705.71 -707.081 -715.357 -710.576 -706.773 -708.447 -705.801 -706.588 -708.318 -713.6 
-710.576 -710.576 -715.357 -717.475 -713.422 -715.357 -715.357 -714.723 -715.357 -712.154 
-711.6 -713.6 -713.6 -713.6 -717.475 -715.357 -712.143 -717.475 -713.6 -713.6 
-717.475 -711.6 -715.357 -717.475 -712.925 -712.143 -712.467 -713.6 -713.6 -715.357 
-715.357 -712.925 -715.357 -713.6 -715.357 -711.729 -713.6 -717.475 -711.6 -713.6 


-702.037, -708.825, -714.035, -714.205, -714.2, -714.06, 
5.51797, 3.16285, 2.17113, 1.88636, 2.01175, 1.73546, 
59857.6
