-702.553 -709.383 -710.419 -712.143 -706.655 -705.622 -697.524 -706.075 -686.486 -704.731 
-713.706 -715.357 -715.441 -709.02 -715.357 -715.357 -715.357 -710.02 -713.6 -717.475 
-715.357 -712.467 -713.6 -713.6 -715.357 -715.357 -717.475 -715.357 -715.357 -712.925 
-715.357 -715.357 -715.357 -717.475 -713.6 -713.6 -715.357 -717.475 -717.475 -715.357 
-713.6 -717.475 -713.6 -713.6 -717.475 -715.357 -713.6 -717.475 -717.475 -717.475 
-713.6 -713.6 -715.357 -712.467 -713.6 -712.143 -717.475 -712.143 -713.6 -715.357 


-704.159, -714.069, -714.685, -715.641, -715.713, -713.934, 
7.08189, 2.49699, 1.42873, 1.37222, 1.83068, 1.59999, 
112653
