-694.845 -693.299 -693.5 -702.286 -699.239 -689.686 -691.38 -704.323 -700.17 -702.268 
-702.268 -703.524 -705.955 -713.6 -706.773 -708.513 -712.925 -712.467 -697.329 -706.903 
-712.143 -711.799 -717.475 -711.259 -715.357 -711.259 -707.319 -706.871 -715.357 -704.438 
-709.02 -707.08 -710.419 -712.467 -713.6 -707.08 -712.925 -711.259 -713.6 -709.02 
-717.475 -711.259 -712.143 -713.6 -712.143 -713.6 -715.357 -712.143 -715.357 -712.143 
-711.6 -717.475 -713.6 -711.259 -711.259 -711.259 -711.259 -715.357 -711.259 -713.6 


-697.1, -707.026, -711.328, -710.647, -713.522, -712.793, 
4.89853, 4.89876, 3.93136, 2.38977, 1.8734, 2.07341, 
31571.2
