-7143.56 -7715.45 -7208.16 -7593.61 -7631.05 -7765 -7383.31 -7720.53 -6953.75 -7194.46 
-7832.3 -8036.31 -7709.85 -7872.52 -7856.45 -7644.46 -7699.79 -7883.87 -7906.94 -7670.11 
-7842.21 -7807.04 -8040.62 -7905.37 -7867.26 -8207.35 -7765.22 -7992.25 -8186 -7889.29 
-7760.47 -8042.69 -8158.77 -8088.58 -8283.35 -7981.39 -7982.43 -7927.77 -7956.85 -8026.33 
-7919.26 -8257.61 -8128.48 -8005.81 -8170.56 -8229.98 -8064.29 -7980.92 -7947.11 -8171.98 
-8251.47 -8119.99 -8317.68 -8299.85 -8071.25 -8123.46 -8210.41 -8316.41 -8228.76 -7975.97 
-8294.4 -8264.78 -8069.46 -8282.69 -8166.23 -8229.68 -8154.65 -8164.32 -8043.21 -8251.54 
-8363.92 -8304.43 -8348.9 -8312.71 -8271.41 -8186.19 -8358.02 -8405.62 -8208.63 -8224.92 


-7430.89, -7811.26, -7950.26, -8020.86, -8087.6, -8191.52, -8192.1, -8298.48, 
275.867, 119.067, 145.135, 132.895, 114.689, 109.207, 83.0372, 69.9378, 
2.81439e+06
