-7889.39 -7822.01 -7962.83 -7905.9 -8089.21 -7921.82 -8097.51 -7857.87 -7951.14 -7928.47 
-8052.36 -8223.42 -8177.44 -8099.36 -8282.03 -8122.53 -8135.86 -8065.2 -8155.93 -8043.33 
-8211.95 -8206.57 -8159.94 -8173.95 -8333.91 -8304.22 -8248.22 -8189.62 -8248.76 -8256.05 
-8384.19 -8324.48 -8367.75 -8290.33 -8312.52 -8350.04 -8284.1 -8348.55 -8331.02 -8328.19 
-8313.19 -8318.88 -8400.04 -8353.51 -8363.09 -8388.58 -8371.27 -8322.87 -8437.66 -8383.02 
-8417.18 -8410.4 -8380.3 -8418.89 -8408.72 -8419.33 -8381.06 -8416.38 -8399.74 -8374.72 


-7942.62, -8135.74, -8233.32, -8332.12, -8365.21, -8402.67, 
85.1508, 72.9395, 53.0215, 30.1377, 37.6138, 16.7098, 
925042
