-7868.15 -7863.92 -7825.7 -7853.29 -7969.81 -7798.38 -7982.23 -7904.97 -7855.02 -7919.61 
-7974.92 -8046.52 -8160.33 -8068.25 -7933.16 -7947.03 -8159.19 -8146.97 -8133.96 -8112.17 
-8256.98 -8260.28 -8249.86 -8241.61 -8216.03 -8232.74 -8287.27 -8201.41 -8191.5 -8141.7 
-8289.68 -8259.23 -8137.68 -8400.76 -8306.74 -8263.92 -8345.81 -8324.6 -8357.6 -8421.67 
-8350.58 -8326.44 -8431.85 -8280.37 -8424.58 -8402.67 -8350.13 -8302.53 -8279.55 -8369.84 
-8419.33 -8432.74 -8364.48 -8324.19 -8378.8 -8324.65 -8412.08 -8376.44 -8397.92 -8424.26 


-7884.11, -8068.25, -8227.94, -8310.77, -8351.85, -8385.49, 
56.4681, 84.4482, 39.6371, 76.9964, 52.929, 37.1069, 
471762
